5[5] -1 3[8] 6[1] -1 2[10] -1 -2 SUtility:24
1[4] 5[6] -1 1[2] 2[5] 3[8] -1 1[4] 4[9] -1 -2 SUtility:38
3[4] -1 1[12] 4[9] 5[2] -1 -2 SUtility:27
2[10] 5[2] -1 1[14] 4[9] -1 2[5] 5[2] -1 -2 SUtility:42
2[10] 5[3] -1 1[12] 5[3] -1 1[4] 2[5] -1 -2 SUtility:37
7[1] -1 4[2] -1 2[6] 1[1] -1 6[1] -1 -2 SUtility:11
5[5] -1 3[8] 6[1] -1 2[10] 3[4] -1 -2 SUtility:28
1[4] 5[6] -1 1[2] 2[5] 3[8] -1 5[5] -1 -2 SUtility:30
3[4] -1 1[12] 4[9] 5[2] 3[4] -1 -2 SUtility:31
2[10] 5[2] -1 1[14] -1 1[8] 2[5] 5[2] -1 -2 SUtility:41
2[10] 5[3] -1 1[12] 5[3] -1 1[4] 2[5] -1 -2 SUtility:37
7[1] 5[2] -1 1[6] 3[3] -1 -2 SUtility:12
5[5] -1 3[8] 6[1] -1 2[10] 1[5] -1 4[3] -1 -2 SUtility:32
1[4] 5[6] -1 1[2] 3[8] -1 1[4] 4[9] 5[3] 4[2] -1 -2 SUtility:38
3[4] -1 1[12] 4[9] -1 -2 SUtility:25
2[10] 5[2] -1 1[14] 4[9] 2[2] -1 1[8] 2[5] 5[2] -1 -2 SUtility:52
2[10] 5[3] -1 1[12] 5[3] -1 1[4] 2[5] -1 -2 SUtility:37
7[1] -1 -2 SUtility:1
5[5] -1 3[8] 6[1] -1 -2 SUtility:14
1[4] 5[6] -1 1[2] 2[5] -1 1[4] 4[9] 5[3] -1 -2 SUtility:33
3[4] 6[2] -1 1[12] 4[9] 5[2] -1 -2 SUtility:29
2[10] 5[2] -1 1[14] 4[9] -1 1[8] 2[5] 5[2] -1 -2 SUtility:50
2[10] 5[3] -1 1[12] 5[3] -1 1[4] 2[5] -1 -2 SUtility:37
7[1] -1 1[14] 3[6] -1 -2 SUtility:21
5[5] -1 3[8] 6[1] 5[8] -1 2[10] -1 -2 SUtility:32
1[4] 5[6] -1 1[2] 2[5] 3[8] -1 1[4] 4[9] 5[3] -1 -2 SUtility:41
3[4] -1 1[12] 4[9] 5[2] -1 5[7] -1 -2 SUtility:34
2[10] -1 1[14] 4[9] -1 1[8] 2[5] 5[2] -1 -2 SUtility:48
2[10] 5[3] -1 1[12] 5[3] -1 1[4] 2[5] -1 -2 SUtility:37
7[1] 4[6] -1 -2 SUtility:7
5[5] -1 3[8] 6[1] -1 2[10] -1 -2 SUtility:24
1[4] 5[6] -1 1[2] 2[5] 3[8] -1 1[4] 4[9] -1 -2 SUtility:38
3[4] -1 1[12] 4[9] 5[2] -1 -2 SUtility:27
2[10] 5[2] -1 1[14] 4[9] -1 2[5] 5[2] -1 -2 SUtility:42
2[10] 5[3] -1 1[12] 5[3] -1 1[4] 2[5] -1 -2 SUtility:37
7[1] -1 4[2] -1 2[6] 1[1] -1 6[1] -1 -2 SUtility:11
5[5] -1 3[8] 6[1] -1 2[10] 3[4] -1 -2 SUtility:28
1[4] 5[6] -1 1[2] 2[5] 3[8] -1 5[5] -1 -2 SUtility:30
3[4] -1 1[12] 4[9] 5[2] 3[4] -1 -2 SUtility:31
2[10] 5[2] -1 1[14] -1 1[8] 2[5] 5[2] -1 -2 SUtility:41
2[10] 5[3] -1 1[12] 5[3] -1 1[4] 2[5] -1 -2 SUtility:37
7[1] 5[2] -1 1[6] 3[3] -1 -2 SUtility:12
5[5] -1 3[8] 6[1] -1 2[10] 1[5] -1 4[3] -1 -2 SUtility:32
1[4] 5[6] -1 1[2] 2[5] 3[8] -1 1[4] 4[9] 5[1] 4[2] -1 -2 SUtility:41
3[4] -1 1[12] 4[9] -1 -2 SUtility:25
2[10] 5[2] -1 1[14] 4[9] 2[2] -1 1[8] 2[5] 5[2] -1 -2 SUtility:52
2[10] 5[3] -1 1[12] 5[3] -1 1[4] 2[5] -1 -2 SUtility:37
7[1] -1 -2 SUtility:1
5[5] -1 3[8] 6[1] -1 -2 SUtility:14
1[4] 5[6] -1 1[2] 2[5] -1 1[4] 4[9] 5[3] -1 -2 SUtility:33
3[4] 6[2] -1 1[12] 4[9] 5[2] -1 -2 SUtility:29
2[10] 5[2] -1 1[14] 4[9] -1 1[8] 2[5] 5[2] -1 -2 SUtility:50
2[10] 5[3] -1 1[12] 5[3] -1 1[4] 2[5] -1 -2 SUtility:37
7[1] -1 1[14] 3[6] -1 -2 SUtility:21
5[5] -1 3[8] 6[1] 5[8] -1 2[10] -1 -2 SUtility:32
1[4] 5[6] -1 1[2] 2[5] 3[8] -1 1[4] 4[9] 5[3] -1 -2 SUtility:41
3[4] -1 1[12] 4[9] 5[2] -1 5[7] -1 -2 SUtility:34
2[10] -1 1[14] 4[9] -1 1[8] 2[5] 5[2] -1 -2 SUtility:48
2[10] 5[3] -1 1[12] 5[3] -1 1[4] 2[5] -1 -2 SUtility:37
7[1] 4[6] -1 -2 SUtility:7
5[5] -1 3[8] 6[1] -1 2[10] -1 -2 SUtility:24
1[4] 5[6] -1 1[2] 2[5] 3[8] -1 1[4] 4[9] -1 -2 SUtility:38
3[4] -1 1[12] 4[9] 5[2] -1 -2 SUtility:27
2[10] 5[2] -1 1[14] 4[9] -1 2[5] 5[2] -1 -2 SUtility:42
2[10] 5[3] -1 1[12] 5[3] -1 1[4] 2[5] -1 -2 SUtility:37
7[1] -1 4[2] -1 2[6] 1[1] -1 6[1] -1 -2 SUtility:11
5[5] -1 3[8] 6[1] -1 2[10] 3[4] -1 -2 SUtility:28
1[4] 5[6] -1 1[2] 2[5] 3[8] -1 5[5] -1 -2 SUtility:30
3[4] -1 1[12] 4[9] 5[2] 3[4] -1 -2 SUtility:31
2[10] 5[2] -1 1[14] -1 1[8] 2[5] 5[2] -1 -2 SUtility:41
2[10] 5[3] -1 1[12] 5[3] -1 1[4] 2[5] -1 -2 SUtility:37
7[1] 5[2] -1 1[6] 3[3] -1 -2 SUtility:12
5[5] -1 3[8] 6[1] -1 2[10] 1[5] -1 4[3] -1 -2 SUtility:32
1[4] 5[6] -1 1[2] 2[5] 3[8] -1 1[4] 4[9] 5[3] 4[2] -1 -2 SUtility:43
3[4] -1 1[12] 4[9] -1 -2 SUtility:25
2[10] 5[2] -1 1[14] 4[9] 2[2] -1 1[8] 2[5] 5[2] -1 -2 SUtility:52
2[10] 5[3] -1 1[12] 5[3] -1 1[4] 2[5] -1 -2 SUtility:37
7[1] -1 -2 SUtility:1
5[5] -1 3[8] 6[1] -1 -2 SUtility:14
1[4] 5[6] -1 1[2] 2[5] -1 1[4] 4[9] 5[3] -1 -2 SUtility:33
3[4] 6[2] -1 1[12] 4[9] 5[2] -1 -2 SUtility:29
2[10] 5[2] -1 1[14] 4[9] -1 1[8] 2[5] 5[2] -1 -2 SUtility:50
2[10] 5[3] -1 1[12] 5[3] -1 1[4] 2[5] -1 -2 SUtility:37
7[1] -1 1[14] 3[6] -1 -2 SUtility:21
5[5] -1 3[8] 6[1] 5[8] -1 2[10] -1 -2 SUtility:32
1[4] 5[6] -1 1[2] 2[5] 3[8] -1 1[4] 4[9] 5[3] -1 -2 SUtility:41
3[4] -1 1[12] 4[9] 5[2] -1 5[7] -1 -2 SUtility:34
2[10] -1 1[14] 4[9] -1 1[8] 2[5] 5[2] -1 -2 SUtility:48
2[10] 5[3] -1 1[12] 5[3] -1 1[4] 2[5] -1 -2 SUtility:37
7[1] 4[6] -1 -2 SUtility:7
5[5] -1 3[8] 6[1] -1 2[10] -1 -2 SUtility:24
1[4] 5[6] -1 1[2] 2[5] 3[8] -1 1[4] 4[9] -1 -2 SUtility:38
3[4] -1 1[12] 4[9] 5[2] -1 -2 SUtility:27
2[10] 5[2] -1 1[14] 4[9] -1 2[5] 5[2] -1 -2 SUtility:42
2[10] 5[3] -1 1[12] 5[3] -1 1[4] 2[5] -1 -2 SUtility:37
7[1] -1 4[2] -1 2[6] 1[1] -1 6[1] -1 -2 SUtility:11
5[5] -1 3[8] 6[1] -1 2[10] 3[4] -1 -2 SUtility:28
1[4] 5[6] -1 1[2] 2[5] 3[8] -1 5[5] -1 -2 SUtility:30
3[4] -1 1[12] 4[9] 5[2] 3[4] -1 -2 SUtility:31
2[10] 5[2] -1 1[14] -1 1[8] 2[5] 5[2] -1 -2 SUtility:41