1    #UTIL: 42
1 0 1    #UTIL: 46
1 0 2    #UTIL: 45
1 5    #UTIL: 55
1 5 0 1 2    #UTIL: 41
1 5 0 1 2 3 0 1 4 5    #UTIL: 41
2 0 1    #UTIL: 55
2 0 1 0 1    #UTIL: 58
2 0 1 0 2    #UTIL: 56
2 0 1 4    #UTIL: 51
2 0 1 4 0 1    #UTIL: 41
2 0 1 4 0 1 2    #UTIL: 46
2 0 1 4 0 1 2 5    #UTIL: 48
2 0 1 4 0 1 5    #UTIL: 43
2 0 1 4 0 2 5    #UTIL: 40
2 5 0 1    #UTIL: 51
2 5 0 1 0 1    #UTIL: 63
2 5 0 1 0 1 2    #UTIL: 73
2 5 0 1 0 1 2 5    #UTIL: 41
2 5 0 1 0 2    #UTIL: 61
2 5 0 1 4 0 1    #UTIL: 43
2 5 0 1 4 0 1 2    #UTIL: 48
2 5 0 1 4 0 1 2 5    #UTIL: 50
2 5 0 1 4 0 1 5    #UTIL: 45
2 5 0 1 4 0 2    #UTIL: 40
2 5 0 1 4 0 2 5    #UTIL: 42
5 0 1    #UTIL: 41
5 0 1 0 1    #UTIL: 55
5 0 1 0 2    #UTIL: 41
5 0 1 4    #UTIL: 44
5 0 1 4 0 1 2 5    #UTIL: 40
5 0 2    #UTIL: 41
